386-329766|2496|1|135|0
386-337079|6457|1|300|0
386-325310|6457|1|20|0
386-325135|6457|1|10|0
386-334444|1904|1|24|0
386-332320|6457|1|30|0
386-335477|6457|1|30|0
386-335032|673|1|10|0
386-330892|6217|1|15|0
386-327055|6457|1|300|0
386-336751|6457|1|15|0
386-328342|6470|1|19|0
386-329974|3863|1|103|0
386-335289|6457|1|10|0
386-326023|6457|1|10|0
386-333546|6217|1|15|0
386-324534|2950|1|5|0
386-328657|6457|1|20|0
386-337199|1631|1|60|0
386-329279|4327|1|0|0
386-330465|4327|1|0|0
386-329303|6457|1|10|0
386-326152|6457|1|10|0
386-329002|6457|1|30|0
386-336775|6457|1|50|0
386-330254|86|1|19|0
386-330296|5544|1|192|20
386-325998|6457|1|500|0
386-325308|86|1|19|0
386-333284|4487|1|29|20
386-327396|1|1|34|0
386-333330|6051|1|15|0
386-327149|6457|1|30|0
386-335280|3245|1|121|0
386-329052|6457|1|10|0
386-326507|6726|1|480|0
386-330564|1268|1|96|0
386-330790|6051|1|15|0
386-331613|6051|1|20|0
386-332423|2236|1|9|0
386-333103|2174|1|54|0
386-328246|6483|1|44|0
386-333068|636|1|23|0
386-336803|6457|1|400|0
386-327734|6051|1|20|0
386-325231|6217|1|20|0
386-329591|1979|1|25|0
386-331048|998|1|43|0
386-334788|6051|1|30|0
386-335967|6162|1|14|20
386-332373|6051|1|20|0
386-334605|1683|1|13|0
386-333268|6457|1|30|0
386-327049|4500|1|215|0
386-333762|6483|1|44|0
386-327156|6457|1|15|0
386-325421|6457|1|20|0
386-333823|3896|1|32|0
386-336893|6051|1|11|0
386-327719|6051|1|30|0
386-325238|6457|1|20|0
386-337157|6457|1|500|0
386-325902|6051|1|15|0
386-333980|1736|1|22|0
386-328222|6470|1|19|0
386-332465|4633|1|118|0
386-335463|6217|1|10|0
386-337267|271|1|220|0
386-326291|1574|1|170|0
386-335981|3849|1|25|0
386-325483|2224|1|51|0
386-333227|179|1|8|0
386-328952|2085|1|26|0
386-327935|6457|1|30|0
386-331951|5544|1|192|20
386-331508|2197|1|15|0
386-332404|6457|1|50|0
386-331163|6726|1|480|0
386-325129|6457|1|30|0
386-325361|6217|1|10|0
386-335189|6502|1|5|0
386-334932|48|1|9|0
386-334563|998|1|43|0
386-324917|5859|1|9|0
386-332417|963|1|100|0
386-326070|6051|1|40|0
386-330432|6051|1|150|0
386-334451|1007|1|3|0
386-329059|6457|1|20|0
386-330909|6217|1|25|0
386-333333|188|1|8|0
386-328715|6472|1|100|0
386-336472|6642|1|25|0
386-331296|673|1|10|0
386-335274|6642|1|25|0
386-336892|6051|1|11|0
386-336780|6457|1|100|0
386-336786|6457|1|400|0
386-333502|48|1|9|0
386-333083|6457|1|200|0
386-334555|6217|1|25|0
386-336044|5544|1|192|20
386-336284|6457|1|30|0
386-328120|5729|1|39|0
386-334995|4152|1|88|0
386-329415|253|1|43|0
386-333612|6051|1|11|0
386-337233|1633|1|90|0
386-332882|4327|1|0|0
386-332266|3259|1|47|0
386-331658|6457|1|15|0
386-337119|6457|1|1000|0
386-327394|1|1|34|0
386-335389|6080|1|22|0
386-330283|6051|1|15|0
386-337246|6457|1|150|0
386-335804|2059|1|2|0
386-335980|6483|1|44|0
386-330202|6457|1|1000|0
386-326860|6051|1|15|0
386-336567|6051|1|20|0
386-325527|6051|1|25|0
386-331219|1732|1|35|0
386-334578|6051|1|20|0
386-329786|6217|1|10|0
386-336762|776|1|223|20
386-324544|2499|1|25|0
386-334732|6726|1|480|0
386-324705|6457|1|30|0
386-337204|7109|1|2480|0
386-332713|6457|1|10|0
386-327138|6642|1|25|0
386-332635|6051|1|11|0
386-325567|91|1|21|0
386-333132|4439|1|5|0
386-324793|6457|1|20|0
386-325363|6051|1|50|0
386-336282|6051|1|20|0
386-331973|6457|1|100|0
386-331353|258|1|8|0
386-335094|1271|1|222|0
386-324832|6051|1|20|0
386-333702|2030|1|78|0
386-332459|416|1|285|20
386-336609|1736|1|22|0
386-336752|6457|1|15|0
386-334312|57|1|11|0
386-330723|6642|1|25|0
386-333324|6217|1|10|0
386-335690|6457|1|30|0
386-332483|6051|1|25|0
386-336464|6457|1|100|0
386-332508|6217|1|100|0
386-327949|1|1|34|0
386-326763|6457|1|10|0
386-328752|6457|1|20|0
386-330125|6457|1|20|0
386-333927|2418|1|41|0
386-330666|253|1|43|0
386-331640|6457|1|30|0
386-326416|6457|1|15|0
386-336358|6217|1|10|0
386-335494|6472|1|89|20
386-328300|6457|1|30|0
386-336418|7005|1|100|0
386-329100|6051|1|20|0
386-333080|1736|1|22|0
386-330293|6457|1|15|0
386-337248|6457|1|401|0
386-333740|5646|1|116|20
386-334435|6457|1|300|0
386-331929|6457|1|15|0
386-334696|6051|1|15|0
386-335178|6457|1|20|0
386-335883|6457|1|15|0
386-327503|6470|1|19|0
386-327079|6472|1|100|0
386-329176|6457|1|10|0
386-327131|6642|1|25|0
386-325694|6607|1|40|0
386-331622|6472|1|100|0
386-329217|6457|1|1000|0
386-334496|1268|1|96|0
386-328798|2950|1|5|0
386-330974|3886|1|6|0
386-331848|6051|1|25|0
386-333713|6051|1|100|0
386-328933|6457|1|1000|0
386-326542|6457|1|10|0
386-337245|6457|1|667|0
386-332175|6642|1|25|0
386-329359|6457|1|20|0
386-327450|1268|1|96|0
386-333404|3026|1|5|0
386-328129|6642|1|25|0
386-336018|5646|1|116|20
386-334608|6642|1|25|0
386-325218|6457|1|15|0
386-337099|271|1|220|0
386-329490|2169|1|36|0
386-334612|1683|1|13|0
386-327737|5681|1|14|0
386-331342|48|1|9|0
386-334333|6457|1|10|0
386-325948|6457|1|10|0
386-331900|6491|1|28|0
386-335945|6457|1|30|0
386-331045|6470|1|19|0
386-337247|6457|1|265|0
386-336547|1524|1|99|0
386-335136|2839|1|5|0
386-327541|2839|1|5|0
386-333484|3970|1|13|0
386-330683|6470|1|19|0
386-335753|6051|1|11|0
386-335015|3686|1|47|0
386-331297|6051|1|15|0
386-331754|48|1|9|0
386-332730|5792|1|7|0
386-326870|6650|1|4|20
386-330116|6051|1|30|0
386-329851|6457|1|30|0
386-327315|6051|1|40|0
386-329262|3199|1|7|0
386-330379|1|1|34|0
386-325869|5598|1|52|0
386-335331|878|1|90|0
386-326156|6051|1|25|0
386-328477|6051|1|20|0
386-329990|6217|1|60|0
386-333733|6472|1|100|0
386-331136|6217|1|10|0
386-327697|1|1|34|0
386-325319|6051|1|20|0
386-329757|6457|1|20|0
386-325209|1268|1|96|0
386-337234|1246|1|43|0
386-330131|998|1|43|0
386-335664|48|1|9|0
386-324958|2236|1|9|0
386-337156|6457|1|500|0
386-324841|6457|1|50|0
386-326854|6457|1|15|0
386-325080|6642|1|25|0
386-325866|6457|1|300|0
386-334004|86|1|19|0
386-326849|6457|1|300|0
386-331413|6457|1|20|0
386-335427|1|1|34|0
386-324594|6457|1|15|0
